window_size:2
minsup:28
min_conf:0.7
=== Confusion Matrix ===
          a      b
a=Rise   4.0	1.0
b=Down   25.0	27.0
macro_precision: 0.5511083743842364
macro_recall: 0.6596153846153847
acc: 0.543859649122807


