Rise: 48.0
Down: 12.0
precision_rise: 0.4166666666666667
recall_rise: 0.8695652173913043
precision_down: 0.75
recall_down: 0.24324324324324326


