window_size:10
minsup:10
min_conf:0.1
=== Confusion Matrix ===
          a      b
a=Rise   20.0	8.0
b=Down   4.0	17.0
precision_rise: 0.8333333333333334
recall_rise: 0.7142857142857143
precision_down: 0.68
recall_down: 0.8095238095238095
macro_precision: 0.7566666666666667
macro_recall: 0.7619047619047619
macro_f_measure: 0.7592766802550434
acc: 0.7551020408163265


