window_size:2
minsup:28
min_conf:0.64
=== Confusion Matrix ===
          a      b
a=Rise   22.0	9.0
b=Down   6.0	20.0
macro_precision: 0.7376847290640394
macro_recall: 0.7394540942928041
acc: 0.7368421052631579


