window_size:2
minsup:65
min_conf:0.3
=== Confusion Matrix ===
          a      b
a=Rise   11.0	9.0
b=Down   8.0	30.0
precision_rise: 0.5789473684210527
precision_down: 0.7894736842105263
recall_rise: 0.55
recall_down: 0.7692307692307693
acc: 0.7068965517241379


