window_size:2
minsup:18
min_conf:0.28
=== Confusion Matrix ===
          a      b
a=Rise   19.0	6.0
b=Down   7.0	25.0
precision_rise: 0.7307692307692307
precision_down: 0.8064516129032258
recall_rise: 0.76
recall_down: 0.78125
acc: 0.7719298245614035


