window_size:2
minsup:35
min_conf:0.45
=== Confusion Matrix ===
          a      b
a=Rise   14.0	11.0
b=Down   6.0	27.0
precision_rise: 0.7
precision_down: 0.8181818181818182
recall_rise: 0.56
recall_down: 0.7105263157894737
acc: 0.7068965517241379


