Predict: (1) Rise: 26.0
         (2) Down: 34.0
window_size:3
precision_rise: 0.5
precision_down: 0.7058823529411765
recall_rise: 0.5652173913043478
recall_down: 0.6486486486486487
acc: 0.6166666666666667


